1.66667e-07

2.01665e-05

7.34984e-05

0.000160159

0.000280143

0.000433444

0.000620051

0.000839955

0.00109314

0.0013796

0.0016993

0.00205224

0.00243838

0.00285771

0.00331021

0.00379584

0.00431457

0.00486638

0.00545123

0.00606909

0.00671991

0.00740367

0.00812031

0.0088698

0.00965209

0.0104671

0.0113149

0.0121953

0.0131083

0.0140539

0.0150319

0.0160424

0.0170852

0.0181604

0.0192678

0.0204074

0.0215791

0.0227828

0.0240185

0.0252861

0.0265855

0.0279167

0.0292795

0.0306739

0.0320998

0.0335571

0.0350457

0.0365655

0.0381166

0.0396986

0.0413116

0.0429555

0.0446301

0.0463354

0.0480713

0.0498376

0.0516342

0.0534612

0.0553182

0.0572053

0.0591223

0.061069

0.0630455

0.0650515

0.067087

0.0691518

0.0712458

0.0733689

0.0755209

0.0777017

0.0799113

0.0821494

0.0844159

0.0867107

0.0890337

0.0913847

0.0937636

0.0961702

0.0986044

0.101066

0.103555

0.106071

0.108614

0.111184

0.113781

0.116404

0.119054

0.12173

0.124432

0.12716

0.129913

0.132693

0.135497

0.138327

0.141182

0.144062

0.146967

0.149896

0.15285

0.155828

